9 0.3870192307692308 0.5180288461538461 0.027644230769230768 0.10576923076923077
8 0.7932692307692307 0.5372596153846154 0.03485576923076923 0.12139423076923077
7 0.3485576923076923 0.5456730769230769 0.018028846153846152 0.08653846153846154
11 0.3233173076923077 0.6033653846153846 0.018028846153846152 0.11298076923076923
11 0.16947115384615385 0.609375 0.016826923076923076 0.08173076923076923
7 0.4338942307692308 0.40384615384615385 0.018028846153846152 0.09615384615384616
16 0.6478365384615384 0.43149038461538464 0.018028846153846152 0.055288461538461536
12 0.45552884615384615 0.4338942307692308 0.025240384615384616 0.12379807692307693
9 0.40384615384615385 0.4675480769230769 0.025240384615384616 0.10817307692307693
3 0.26322115384615385 0.4879807692307692 0.018028846153846152 0.1622596153846154
9 0.3954326923076923 0.49278846153846156 0.025240384615384616 0.12980769230769232
11 0.5360576923076923 0.5 0.018028846153846152 0.08173076923076923