0 0.08400448594784167 0.2961499045903325 0.03246167659803253 0.22713311181842707
0 0.3289630576658612 0.6701249009091816 0.03269131048477912 0.23432413414581416
0 0.28678246450817085 0.4650622312435878 0.031822303815326254 0.24085508848969167
0 0.33954647826974155 0.7519175504713667 0.03291193912106501 0.18985321584839285
0 0.41436209909683214 0.7452564418772196 0.03296597062382897 0.15941571474966662
1 0.4667884159661283 0.5959974070146509 0.03353330140285005 0.26005284040443505
1 0.5948858524562768 0.3928498641744501 0.03352204483977427 0.35566508232558647
1 0.6057574410748982 0.37002173835040536 0.03439105150922705 0.18611592951922734
0 0.7134242155824447 0.23104024089304176 0.032078953453454816 0.17290062475079737
0 0.7240459085007827 0.29153407707184803 0.031038847025249637 0.1997356421367086
1 0.7558997306927212 0.23027790885574934 0.03252246203864194 0.2556090024309495
0 0.7869048080287434 0.270751232323466 0.034962884913478404 0.26985624446937284
0 0.7986634138177389 0.3532969171907813 0.032891677307528594 0.29049498986924216
0 0.8090959964764031 0.45049425194557147 0.03302225343920806 0.317474106603666
1 0.8720352907222809 0.643706359237805 0.033762935289596785 0.21602351688471363